59.0345
59.2564
59.5558
59.9387
60.4117
60.9819
61.6574
62.4469
63.3602
64.4079
65.602
66.9557
68.4834
70.2015
72.1278
74.2822
76.6868
79.3655
82.3449
85.6532
89.3208
93.3786
97.8576
102.786
108.185
114.067
120.427
127.235
134.434
141.933
149.614
157.343
164.98
172.402
179.509
186.231
192.528
198.382
203.793
208.773
213.341
217.52
221.333
224.804
227.956
230.811
233.389
235.706
237.781
239.627
241.259
242.688
243.925
244.981
245.864
246.583
247.144
247.556
247.823
247.953
247.95
247.816
247.548
247.136
246.573
245.849
244.955
243.879
242.611
241.137
239.443
237.514
235.334
232.884
230.145
227.093
223.704
219.953
215.811
211.248
206.231
200.728
194.709
188.147
181.022
173.33
165.087
156.335
147.154
137.66
128
118.34
108.846
99.6651
90.9135
82.6697
74.9777
67.8531
61.2908
55.2718
49.7693
44.7523
40.1887
36.0467
32.2957
28.9074
25.8554
23.1155
20.6656
18.4855
16.557
14.8632
13.3891
12.1206
11.045
10.1507
9.42692
8.8638
8.45221
8.1837
8.05044