59.0345
58.537
58.1232
57.7995
57.5729
57.451
57.442
57.5549
57.7993
58.1859
58.7262
59.433
60.3199
61.4024
62.6971
64.2223
65.9979
68.0458
70.3894
73.0538
76.0653
79.4505
83.2349
87.4412
92.0855
97.173
102.693
108.611
114.866
121.368
128
134.632
141.134
147.389
153.307
158.827
163.915
168.559
172.765
176.55
179.935
182.946
185.611
187.954
190.002
191.778
193.303
194.598
195.68
196.567
197.274
197.814
198.201
198.445
198.558
198.549
198.427
198.2
197.877
197.463
196.966
196.389
195.731
194.987
194.153
193.224
192.194
191.057
189.806
188.434
186.932
185.291
183.501
181.55
179.427
177.116
174.603
171.871
168.902
165.677
162.174
158.375
154.259
149.81
145.017
139.88
134.411
128.643
122.632
116.46
110.227
104.048
98.0326
92.2795
86.8627
81.8306
77.2076
72.9985
69.1945
65.7778
62.7255
60.0126
57.6134
55.5033
53.6588
52.0581
50.6814
49.5102
48.5282
47.7202
47.0727
46.5734
46.2111
45.9758
45.8583
45.8502
45.944
46.1327
46.41
46.7702
47.2079