51.5064
51.1981
50.8837
50.5635
50.2378
49.907
49.5714
49.2313
48.887
48.5389
48.1873
47.8325
47.4749
47.1146
46.7522
46.3878
46.0217
45.6544
45.286
44.9169
44.5473
44.1775
43.8079
43.4387
43.0701
42.7024
42.3359
41.9708
41.6074
41.2459
40.8865
40.5294
40.175
39.8233
39.4746
39.1292
38.7871
38.4486
38.1138
37.783
37.4563
37.1339
36.8159
36.5025
36.1939
35.8901
35.5913
35.2977
35.0093
34.7264
34.4489
34.1771
33.911
33.6507
33.3964
33.1481
32.9059
32.6699
32.4402
32.2169
32
31.7896
31.5858
31.3886
31.1981
31.0144
30.8375
30.6674
30.5042
30.348
30.1988
30.0567
29.9216
29.7936
29.6728
29.5591
29.4527
29.3535
29.2615
29.1768
29.0994
29.0294
28.9666
28.9112
28.8632
28.8225
28.7892
28.7633
28.7448
28.7337
28.73
28.7337
28.7448
28.7633
28.7892
28.8225
28.8632
28.9112
28.9666
29.0294
29.0994
29.1768
29.2615
29.3535
29.4527
29.5591
29.6728
29.7936
29.9216
30.0567
30.1988
30.348
30.5042
30.6674
30.8375
31.0144
31.1981
31.3886
31.5858
31.7896
32