32
31.6797
31.3535
31.0216
30.6846
30.3427
29.9963
29.6458
29.2914
28.9336
28.5727
28.2091
27.843
27.4748
27.1049
26.7336
26.3611
25.9878
25.6141
25.2401
24.8663
24.4928
24.12
23.7482
23.3775
23.0083
22.6408
22.2753
21.9119
21.551
21.1928
20.8373
20.485
20.1359
19.7902
19.4482
19.11
18.7758
18.4458
18.1201
17.7988
17.4821
17.1702
16.8632
16.5612
16.2643
15.9726
15.6863
15.4055
15.1302
14.8606
14.5968
14.3388
14.0867
13.8405
13.6005
13.3666
13.1389
12.9175
12.7023
12.4936
12.2913
12.0955
11.9062
11.7234
11.5473
11.3778
11.215
11.0589
10.9096
10.767
10.6313
10.5024
10.3803
10.2651
10.1567
10.0553
9.96085
9.87331
9.79272
9.7191
9.65246
9.5928
9.54015
9.4945
9.45586
9.42424
9.39964
9.38207
9.37153
9.36801
9.37153
9.38207
9.39964
9.42424
9.45586
9.4945
9.54015
9.5928
9.65246
9.7191
9.79272
9.87331
9.96085
10.0553
10.1567
10.2651
10.3803
10.5024
10.6313
10.767
10.9096
11.0589
11.215
11.3778
11.5473
11.7234
11.9062
12.0955
12.2913
12.4936