42.3217
41.6509
41.0844
40.6307
40.2987
40.0981
40.0395
40.1343
40.3949
40.8348
41.4688
42.313
43.3851
44.7042
46.2916
48.1705
50.366
52.9057
55.8192
59.1382
62.8956
67.125
71.8584
77.1242
82.9426
89.3199
96.2421
103.666
111.516
119.676
128
136.324
144.484
152.334
159.758
166.68
173.057
178.876
184.142
188.875
193.104
196.862
200.181
203.094
205.634
207.83
209.708
211.296
212.615
213.687
214.531
215.165
215.605
215.866
215.961
215.902
215.701
215.369
214.916
214.349
213.678
212.909
212.038
211.062
209.974
208.768
207.439
205.978
204.378
202.63
200.724
198.648
196.392
193.94
191.279
188.392
185.26
181.864
178.181
174.19
169.865
165.183
160.121
154.659
148.786
142.5
135.819
128.783
121.462
113.955
106.386
98.8909
91.6066
84.6502
78.1109
72.0465
66.4854
61.4324
56.8755
52.7921
49.1537
45.9288
43.0858
40.5941
38.4247
36.5507
34.9474
33.5924
32.4653
31.5475
30.8225
30.2749
29.8913
29.6592
29.5672
29.6054
29.7642
30.0353
30.411
30.8841
31.4483