47.2079
47.7195
48.3072
48.9748
49.7263
50.5664
51.5003
52.5337
53.6727
54.9245
56.2967
57.7981
59.4383
61.2278
63.1787
65.304
67.6183
70.1375
72.8791
75.8617
79.1052
82.6296
86.4545
90.5972
95.0703
99.8783
105.013
110.45
116.142
122.021
128
133.979
139.858
145.55
150.987
156.122
160.93
165.403
169.546
173.37
176.895
180.138
183.121
185.863
188.382
190.696
192.821
194.772
196.562
198.202
199.703
201.076
202.327
203.466
204.5
205.434
206.274
207.025
207.693
208.28
208.792
209.23
209.59
209.867
210.056
210.15
210.142
210.024
209.789
209.427
208.927
208.28
207.472
206.49
205.319
203.942
202.341
200.497
198.387
195.987
193.274
190.222
186.805
183.001
178.792
174.169
169.137
163.72
157.967
151.952
145.773
139.54
133.368
127.357
121.589
116.12
110.983
106.19
101.741
97.625
93.8255
90.3232
87.0976
84.1286
81.3967
78.8838
76.5732
74.4496
72.499
70.7089
69.068
67.566
66.1938
64.9429
63.8058
62.7757
61.8466
61.0127
60.2691
59.6111
59.0345