12.4936
12.7023
12.9175
13.1389
13.3666
13.6005
13.8405
14.0867
14.3388
14.5968
14.8606
15.1302
15.4055
15.6863
15.9726
16.2643
16.5612
16.8632
17.1702
17.4821
17.7988
18.1201
18.4458
18.7758
19.11
19.4482
19.7902
20.1359
20.485
20.8373
21.1928
21.551
21.9119
22.2753
22.6408
23.0083
23.3775
23.7482
24.12
24.4928
24.8663
25.2401
25.6141
25.9878
26.3611
26.7336
27.1049
27.4748
27.843
28.2091
28.5727
28.9336
29.2914
29.6458
29.9963
30.3427
30.6846
31.0216
31.3535
31.6797
32
32.314
32.6214
32.9217
33.2147
33.5001
33.7773
34.0462
34.3064
34.5576
34.7994
35.0316
35.2538
35.4657
35.6672
35.8578
36.0375
36.2058
36.3626
36.5077
36.6409
36.7619
36.8707
36.967
37.0508
37.1219
37.1802
37.2256
37.2581
37.2776
37.2841
37.2776
37.2581
37.2256
37.1802
37.1219
37.0508
36.967
36.8707
36.7619
36.6409
36.5077
36.3626
36.2058
36.0375
35.8578
35.6672
35.4657
35.2538
35.0316
34.7994
34.5576
34.3064
34.0462
33.7773
33.5001
33.2147
32.9217
32.6214
32.314
32