31.4483
32.0991
32.8389
33.6723
34.604
35.6395
36.7849
38.0467
39.4326
40.9506
42.61
44.4211
46.3952
48.5449
50.8844
53.4293
56.1967
59.2057
62.477
66.0327
69.8963
74.0918
78.6425
83.5689
88.8862
94.5998
100.7
107.158
113.918
120.9
128
135.1
142.082
148.842
155.3
161.4
167.114
172.431
177.358
181.908
186.104
189.967
193.523
196.794
199.803
202.571
205.116
207.455
209.605
211.579
213.39
215.049
216.567
217.953
219.215
220.36
221.396
222.328
223.161
223.901
224.552
225.116
225.589
225.965
226.236
226.395
226.433
226.341
226.109
225.725
225.178
224.452
223.535
222.408
221.053
219.449
217.575
215.406
212.914
210.071
206.846
203.208
199.125
194.568
189.515
183.953
177.889
171.35
164.393
157.109
149.614
142.045
134.538
127.217
120.181
113.5
107.214
101.341
95.879
90.8167
86.1346
81.81
77.8186
74.1362
70.74
67.6081
64.7208
62.0597
59.6083
57.3516
55.2762
53.3699
51.6217
50.0217
48.561
47.2316
46.0262
44.9382
43.9617
43.0912
42.3217