8.05044
8.04709
8.17659
8.44423
8.85577
9.41744
10.1361
11.0191
12.0748
13.3122
14.7412
16.3727
18.2191
20.2937
22.6114
25.1887
28.0437
31.1961
34.6673
38.4803
42.6589
47.2269
52.2069
57.618
63.4718
69.7686
76.491
83.5979
91.0197
98.6571
106.386
114.067
121.566
128.765
135.573
141.933
147.815
153.214
158.142
162.621
166.679
170.347
173.655
176.634
179.313
181.718
183.872
185.799
187.517
189.044
190.398
191.592
192.64
193.553
194.343
195.018
195.588
196.061
196.444
196.744
196.966
197.114
197.186
197.176
197.079
196.89
196.602
196.207
195.698
195.066
194.302
193.394
192.332
191.101
189.687
188.075
186.246
184.181
181.86
179.259
176.354
173.122
169.539
165.582
161.238
156.5
151.377
145.899
140.119
134.118
128
121.882
115.881
110.101
104.623
99.4998
94.7618
90.4176
86.4614
82.8777
79.6455
76.7411
74.1402
71.8187
69.7542
67.9254
66.3131
64.8994
63.6685
62.6057
61.698
60.9336
60.3017
59.7928
59.3981
59.1098
58.9206
58.8242
58.8145
58.8862
59.0345