31.4483
31.3852
31.428
31.5812
31.8498
32.2391
32.7548
33.4035
34.192
35.1281
36.2203
37.4778
38.911
40.5312
42.3511
44.3845
46.6467
49.1544
51.9255
54.9795
58.3364
62.0165
66.039
70.4201
75.1704
80.2907
85.7675
91.5681
97.6357
103.889
110.227
116.535
122.702
128.63
134.244
139.496
144.361
148.833
152.922
156.644
160.021
163.08
165.844
168.339
170.586
172.609
174.425
176.053
177.51
178.809
179.964
180.986
181.887
182.677
183.363
183.954
184.456
184.878
185.223
185.499
185.709
185.856
185.94
185.954
185.894
185.756
185.535
185.222
184.814
184.3
183.675
182.928
182.049
181.028
179.852
178.508
176.981
175.254
173.309
171.128
168.691
165.976
162.964
159.638
155.983
151.996
147.684
143.072
138.205
133.152
128
122.848
117.795
112.928
108.316
104.004
100.017
96.3625
93.0359
90.024
87.3092
84.8716
82.6907
80.7462
79.0191
77.4917
76.1476
74.9718
73.9507
73.0722
72.3252
71.6996
71.1865
70.7776
70.4655
70.2435
70.1057
70.0463
70.0605
70.1436
70.2914