51.5064
51.8083
52.1034
52.3915
52.6722
52.9452
53.2102
53.4669
53.7151
53.9545
54.1847
54.4055
54.6166
54.8179
55.009
55.1897
55.3599
55.5192
55.6676
55.8048
55.9306
56.045
56.1476
56.2386
56.3176
56.3846
56.4396
56.4824
56.5131
56.5315
56.5376
56.5315
56.5131
56.4824
56.4396
56.3846
56.3176
56.2386
56.1476
56.045
55.9306
55.8048
55.6676
55.5192
55.3599
55.1897
55.009
54.8179
54.6166
54.4055
54.1847
53.9545
53.7151
53.4669
53.2102
52.9452
52.6722
52.3915
52.1034
51.8083
51.5064
51.1981
50.8837
50.5635
50.2378
49.907
49.5714
49.2313
48.887
48.5389
48.1873
47.8325
47.4749
47.1146
46.7522
46.3878
46.0217
45.6544
45.286
44.9169
44.5473
44.1775
43.8079
43.4387
43.0701
42.7024
42.3359
41.9708
41.6074
41.2459
40.8865
40.5294
40.175
39.8233
39.4746
39.1292
38.7871
38.4486
38.1138
37.783
37.4563
37.1339
36.8159
36.5025
36.1939
35.8901
35.5913
35.2977
35.0093
34.7264
34.4489
34.1771
33.911
33.6507
33.3964
33.1481
32.9059
32.6699
32.4402
32.2169
32