31.9149
32.1318
32.3552
32.5849
32.8208
33.063
33.3113
33.5657
33.8259
34.092
34.3639
34.6413
34.9243
35.2127
35.5063
35.8051
36.1089
36.4176
36.731
37.049
37.3715
37.6982
38.0291
38.3638
38.7024
39.0445
39.39
39.7387
40.0905
40.445
40.8021
41.1615
41.5231
41.8866
42.2517
42.6183
42.986
43.3547
43.724
44.0937
44.4635
44.8332
45.2024
45.5709
45.9383
46.3044
46.6689
47.0315
47.3918
47.7496
48.1045
48.4562
48.8044
49.1487
49.4889
49.8246
50.1555
50.4813
50.8016
51.1161
51.4245
51.7265
52.0217
52.3099
52.5907
52.8638
53.1289
53.3858
53.634
53.8735
54.1037
54.3246
54.5359
54.7372
54.9284
55.1092
55.2794
55.4388
55.5873
55.7245
55.8504
55.9648
56.0675
56.1585
56.2375
56.3046
56.3596
56.4024
56.4331
56.4515
56.4576
56.4515
56.4331
56.4024
56.3596
56.3046
56.2375
56.1585
56.0675
55.9648
55.8504
55.7245
55.5873
55.4388
55.2794
55.1092
54.9284
54.7372
54.5359
54.3246
54.1037
53.8735
53.634
53.3858
53.1289
52.8638
52.5907
52.3099
52.0217
51.7265
51.4245