32
31.7896
31.5858
31.3886
31.1981
31.0144
30.8375
30.6674
30.5042
30.348
30.1988
30.0567
29.9216
29.7936
29.6728
29.5591
29.4527
29.3535
29.2615
29.1768
29.0994
29.0294
28.9666
28.9112
28.8632
28.8225
28.7892
28.7633
28.7448
28.7337
28.73
28.7337
28.7448
28.7633
28.7892
28.8225
28.8632
28.9112
28.9666
29.0294
29.0994
29.1768
29.2615
29.3535
29.4527
29.5591
29.6728
29.7936
29.9216
30.0567
30.1988
30.348
30.5042
30.6674
30.8375
31.0144
31.1981
31.3886
31.5858
31.7896
32
32.2169
32.4402
32.6699
32.9059
33.1481
33.3964
33.6507
33.911
34.1771
34.4489
34.7264
35.0093
35.2977
35.5913
35.8901
36.1939
36.5025
36.8159
37.1339
37.4563
37.783
38.1138
38.4486
38.7871
39.1292
39.4746
39.8233
40.175
40.5294
40.8865
41.2459
41.6074
41.9708
42.3359
42.7024
43.0701
43.4387
43.8079
44.1775
44.5473
44.9169
45.286
45.6544
46.0217
46.3878
46.7522
47.1146
47.4749
47.8325
48.1873
48.5389
48.887
49.2313
49.5714
49.907
50.2378
50.5635
50.8837
51.1981
51.5064