70.2423
70.4524
70.7279
71.0737
71.4952
71.9983
72.5896
73.2761
74.0659
74.9676
75.9911
77.1469
78.4469
79.9045
81.5341
83.3519
85.3758
87.6254
90.122
92.8887
95.9499
99.3307
103.056
107.148
111.624
116.493
121.75
127.369
133.303
139.475
145.789
152.133
158.393
164.466
170.272
175.754
180.88
185.634
190.02
194.046
197.73
201.091
204.148
206.922
209.432
211.697
213.733
215.554
217.177
218.611
219.87
220.964
221.901
222.691
223.34
223.857
224.247
224.516
224.67
224.713
224.65
224.484
224.21
223.823
223.316
222.682
221.913
221.001
219.936
218.71
217.31
215.725
213.942
211.946
209.721
207.25
204.514
201.491
198.16
194.495
190.472
186.064
181.247
176
170.308
164.165
157.585
150.602
143.278
135.705
128
120.295
112.722
105.398
98.4151
91.8347
85.6921
79.9995
74.7525
69.936
65.5284
61.505
57.8402
54.5086
51.4859
48.7496
46.2787
44.054
42.058
40.2748
38.6899
37.2902
36.0636
34.9993
34.0872
33.3183
32.6841
32.177
31.7899
31.5163
31.3501